7771740
7771740
8258732
7391772
8258732
7391772
8258732
7391772
7391772
7771740
8258732
7675244
7675244
7391772
7771740
8258732
7391772
8258732
7675244
7391772
7771740
8258732
8258732
7675244
7391772
7771740
8258732
7675244
7391772
7391772
7771740
8258732
7675244
7391772
7391772
7771740
7771740
8258732
7675244
7391772
7391772
7771740
8258732
8258732
7675244
7391772
7771740
8258732
8258732
7675244
7391772
7391772
7771740
8258732
7675244
7391772
7391772
7771740
8258732
8258732
7675244
7391772
7771740
7391772
